4510140508640140|05|2026|147
4510140508644514|12|2027|606
4510140508645511|05|2025|222
4510140508643003|03|2025|150
4510140508643706|04|2025|455
4510140508640413|03|2025|519
4510140508647483|07|2025|929
4510140508645065|06|2025|426
4510140508646774|11|2027|740
4510140508641833|09|2028|297
4510140508644548|02|2024|563
4510140508646535|07|2027|663
4510140508647251|12|2028|343
4510140508642864|01|2025|286
4510140508647657|01|2026|369
4510140508645743|04|2028|687
4510140508643516|09|2026|983
4510140508646220|05|2028|812
4510140508643854|11|2024|970
4510140508645784|04|2024|759
4510140508648747|06|2024|417
4510140508646782|09|2026|944
4510140508641080|01|2024|734
4510140508641502|06|2024|544
4510140508646824|12|2026|873
4510140508645263|09|2024|573
4510140508647277|12|2024|797
4510140508640678|04|2027|768
4510140508644035|06|2026|719
4510140508647285|03|2024|987
4510140508645222|03|2027|313
4510140508643870|11|2025|861
4510140508641403|02|2024|841
4510140508641015|08|2025|882
4510140508647475|09|2025|215
4510140508642146|02|2025|950
4510140508642583|02|2024|836
4510140508641254|06|2024|904
4510140508640587|03|2024|646
4510140508648325|08|2026|875
4510140508642187|10|2025|182
4510140508646576|01|2024|745
4510140508642062|03|2026|441
4510140508643326|05|2025|154
4510140508648283|08|2026|587
4510140508643672|06|2025|613
4510140508646865|03|2027|906
4510140508646527|10|2024|264
4510140508648242|09|2024|316
4510140508646246|11|2024|288
4510140508642088|07|2025|238
4510140508641353|07|2024|740
4510140508641486|03|2028|772
4510140508643144|10|2028|330
4510140508641577|04|2025|209
4510140508646386|06|2026|630
4510140508646246|12|2028|551
4510140508647673|11|2024|926
4510140508645487|06|2026|427
4510140508642203|11|2028|938
4510140508645305|11|2026|842
4510140508645560|03|2027|665
4510140508642450|03|2026|467
4510140508646071|11|2026|556
4510140508645115|09|2024|501
4510140508648838|09|2025|495
4510140508645214|02|2024|445
4510140508645263|07|2024|337
4510140508640736|05|2025|779
4510140508640223|02|2028|119
4510140508640280|08|2027|145
4510140508645776|10|2027|195
4510140508643508|05|2026|619
4510140508648044|11|2026|850
4510140508644381|02|2024|921
4510140508642344|08|2028|543
4510140508644845|06|2028|951
4510140508644084|09|2027|960
4510140508644654|06|2028|897
4510140508641288|02|2027|531
4510140508645214|11|2024|536
4510140508643847|10|2028|123
4510140508643425|10|2028|536
4510140508643102|04|2026|406
4510140508644472|01|2026|851
4510140508643417|07|2024|863
4510140508647707|03|2025|804
4510140508640736|01|2027|308
4510140508646071|03|2026|915
4510140508642716|09|2024|772
4510140508642427|08|2025|122
4510140508641668|03|2024|389
4510140508645636|01|2024|356
4510140508645651|04|2025|178
4510140508642153|01|2028|435
4510140508646303|04|2028|471
4510140508640280|07|2024|610
4510140508641171|04|2026|495
4510140508645412|12|2026|216
4510140508643102|04|2026|832
4510140508647152|04|2027|786
4510140508643714|11|2028|115
4510140508646741|05|2026|648
4510140508647020|11|2025|527
4510140508646634|02|2025|420
4510140508645628|05|2027|648
4510140508646428|10|2026|864
4510140508648036|06|2027|393
4510140508640256|06|2028|374
4510140508648267|04|2027|683
4510140508644332|03|2026|574
4510140508648200|02|2025|686
4510140508645628|11|2028|767
4510140508640827|09|2028|437
4510140508640371|12|2024|229
4510140508648721|11|2027|586
4510140508643565|03|2028|871
4510140508645404|05|2025|963
4510140508640702|03|2025|471
4510140508647368|09|2026|864
4510140508644076|04|2027|972
4510140508641106|03|2028|355
4510140508640504|06|2024|527
4510140508645081|03|2027|957
4510140508644456|06|2028|236
4510140508641304|03|2025|224
4510140508640678|12|2025|823
4510140508648135|10|2024|166
4510140508643433|03|2028|320
4510140508642310|07|2025|511
4510140508641171|01|2027|803
4510140508645800|11|2028|459
4510140508644480|08|2026|498
4510140508642021|11|2025|932
4510140508647558|01|2026|810
4510140508648218|03|2025|354
4510140508642724|09|2026|590
4510140508648143|05|2024|645
4510140508648457|12|2027|612
4510140508641106|04|2027|324
4510140508645784|09|2025|340
4510140508642146|12|2026|775
4510140508643235|12|2026|595
4510140508643250|02|2025|815
4510140508645487|10|2027|709
4510140508644282|03|2024|731
4510140508640850|08|2027|799
4510140508646188|11|2025|802
4510140508647483|09|2026|880
4510140508646634|09|2025|716
4510140508642310|07|2028|640
4510140508644670|05|2026|735
4510140508646253|07|2024|568
4510140508643771|03|2027|155
4510140508648770|09|2025|866
4510140508648077|09|2027|714
4510140508640421|08|2028|680
4510140508641130|01|2027|175
4510140508642617|04|2026|148
4510140508644746|05|2027|567
4510140508643433|12|2028|393
4510140508642286|05|2025|206
4510140508647863|01|2026|266
4510140508643102|06|2028|989
4510140508644845|02|2025|694
4510140508644761|03|2028|522
4510140508640140|07|2024|165
4510140508646022|03|2027|128
4510140508645214|06|2028|786
4510140508645701|10|2026|503
4510140508648317|03|2024|902
4510140508648606|01|2026|465
4510140508643375|12|2024|581
4510140508643557|07|2028|965
4510140508642401|05|2028|794
4510140508646238|04|2028|332
4510140508647541|08|2026|316
4510140508647632|04|2026|857
4510140508645750|04|2027|126
4510140508648267|10|2024|295
4510140508647848|03|2026|448
4510140508643656|08|2025|969
4510140508648127|09|2028|616
4510140508645487|02|2025|741
4510140508640868|04|2025|387
4510140508648655|12|2025|796
4510140508647814|08|2027|874
4510140508640843|11|2026|135
4510140508644688|03|2027|761
4510140508644100|12|2027|766
4510140508644357|12|2025|746
4510140508642765|11|2028|821
4510140508646428|05|2024|836
4510140508643672|07|2026|501
4510140508645826|12|2027|932
4510140508647657|12|2024|380
4510140508640231|01|2025|728
4510140508648473|05|2028|419
4510140508640215|10|2025|380
4510140508640447|10|2028|975
4510140508648564|09|2026|528
4510140508647137|04|2028|504
4510140508642864|09|2028|541
4510140508648648|07|2025|769
4510140508640645|07|2024|598
4510140508643235|02|2027|636
4510140508646873|01|2024|924
4510140508644233|05|2027|601
4510140508641387|12|2025|223
4510140508647772|06|2027|535
4510140508641866|08|2025|567
4510140508640678|04|2024|573
4510140508642245|09|2026|631
4510140508643268|01|2024|364
4510140508644753|04|2025|817
4510140508648655|09|2024|584
4510140508642203|05|2026|214
4510140508640108|04|2026|912
4510140508641486|04|2026|713
4510140508648564|09|2025|347
4510140508648184|07|2028|367
4510140508642328|11|2025|357
4510140508643706|12|2027|324
4510140508646212|07|2025|907
4510140508648010|09|2025|292
4510140508640173|11|2027|732
4510140508648457|10|2026|411
4510140508642880|11|2025|626
4510140508647285|12|2026|739
4510140508641734|05|2028|208
4510140508644506|03|2026|434
4510140508644217|11|2027|775
4510140508647418|03|2026|847
4510140508647178|07|2027|823
4510140508645255|03|2027|325
4510140508643508|08|2025|815
4510140508644365|08|2028|376
4510140508645131|07|2025|819
4510140508644860|03|2025|385
4510140508645230|11|2028|909
4510140508648317|06|2026|958
4510140508648846|05|2024|703
4510140508647012|09|2027|893
4510140508647020|02|2028|292
4510140508643847|09|2027|174
4510140508646188|11|2025|524
4510140508647632|11|2026|452
4510140508641742|09|2028|211
4510140508640132|03|2025|651
4510140508645545|03|2026|376
4510140508640504|02|2027|763
4510140508641502|05|2025|506
4510140508640850|03|2027|916
4510140508644001|08|2024|428
4510140508647368|05|2026|685
4510140508643144|06|2027|114
4510140508643763|08|2025|885
4510140508642872|02|2028|538
4510140508646154|08|2027|717
4510140508640306|06|2025|272
4510140508641460|10|2024|751
4510140508641510|09|2026|881
4510140508647053|02|2028|683
4510140508643771|10|2026|868
4510140508647855|12|2025|780
4510140508646550|04|2026|373
4510140508645024|10|2027|347
4510140508644084|10|2025|725
4510140508647558|01|2024|485
4510140508648044|01|2025|722
4510140508644845|04|2024|443
4510140508640256|01|2027|163
4510140508643730|01|2024|332
4510140508640074|12|2028|634
4510140508641460|02|2027|264
4510140508645768|04|2027|426
4510140508647442|04|2028|692
4510140508643540|08|2028|166
4510140508646220|12|2027|518
4510140508640728|06|2026|323
4510140508648333|03|2024|933
4510140508645750|07|2027|489
4510140508643821|07|2028|395
4510140508648044|02|2024|662
4510140508648408|03|2027|856
4510140508643763|06|2025|795
4510140508642682|07|2027|723
4510140508645727|10|2028|342
4510140508645123|01|2028|360
4510140508647178|02|2025|631
4510140508640058|07|2027|921
4510140508647202|11|2026|678
4510140508642351|01|2026|676
4510140508644878|06|2028|900
4510140508647160|12|2024|897
4510140508644050|07|2027|968
4510140508641007|10|2025|556
4510140508646121|03|2024|608
4510140508643268|09|2025|370
4510140508641320|11|2025|339
4510140508644431|01|2028|997
4510140508647210|04|2027|914
4510140508646881|07|2025|210
4510140508647806|09|2026|748
4510140508646840|08|2027|225
4510140508648622|08|2026|515
4510140508645768|02|2024|708
4510140508640025|11|2025|131
4510140508643862|10|2028|852
4510140508646725|05|2025|538
4510140508647434|02|2027|630
4510140508647848|07|2025|774
4510140508648481|06|2025|824
4510140508647657|01|2027|409
4510140508646642|01|2026|834
4510140508646667|05|2028|407
4510140508648002|04|2024|320
4510140508644100|04|2027|806
4510140508641452|07|2024|457
4510140508643581|03|2026|621
4510140508642666|01|2025|639
4510140508645131|10|2024|941
4510140508645503|06|2026|155
4510140508642682|05|2026|136
4510140508640280|06|2024|257
4510140508647467|07|2027|349
4510140508644563|02|2027|749
4510140508641270|07|2026|675
4510140508645586|05|2027|595
4510140508644175|04|2028|967
4510140508644373|10|2027|630
4510140508643821|01|2028|356
4510140508644613|09|2026|116
4510140508647244|01|2027|668
4510140508643060|02|2028|489
4510140508644258|07|2024|904
4510140508641312|05|2026|923
4510140508646436|05|2024|574
4510140508640033|12|2025|182
4510140508645016|03|2026|256
4510140508640025|08|2028|502
4510140508642880|06|2027|181
4510140508646063|01|2024|833
4510140508647848|01|2027|658
4510140508640728|12|2027|288
4510140508640306|08|2025|663
4510140508644274|08|2025|696
4510140508640561|02|2024|984
4510140508641247|03|2027|718
4510140508648028|01|2026|114
4510140508640645|12|2028|290
4510140508646717|01|2025|123
4510140508643003|10|2026|903
4510140508644662|12|2028|217
4510140508647384|11|2024|409
4510140508640256|10|2024|747
4510140508644126|07|2025|579
4510140508643847|01|2024|672
4510140508641858|01|2024|240
4510140508644811|04|2027|766
4510140508646014|01|2027|511
4510140508646121|07|2025|621
4510140508641155|02|2026|678
4510140508641213|03|2026|305
4510140508641221|12|2026|854
4510140508644464|10|2025|933
4510140508640538|02|2024|548
4510140508643532|04|2025|565
4510140508648051|05|2024|577
4510140508644886|05|2025|939
4510140508640488|12|2026|591
4510140508644662|02|2028|202
4510140508644373|01|2025|785
4510140508641700|09|2028|745
4510140508647012|10|2025|263
4510140508646147|04|2024|418
4510140508641601|11|2026|924
4510140508644506|08|2024|267
4510140508643706|06|2025|699
4510140508647376|07|2024|565
4510140508641320|07|2024|320
4510140508641221|07|2026|702
4510140508642377|01|2026|372
4510140508647848|05|2027|565
4510140508648168|08|2025|182
4510140508641841|02|2027|656
4510140508640702|12|2026|171
4510140508640223|12|2028|976
4510140508642443|11|2027|862
4510140508640082|11|2024|642
4510140508641031|03|2027|764
4510140508642815|09|2026|742
4510140508643177|02|2026|468
4510140508642286|09|2028|760
4510140508640611|06|2025|700
4510140508648457|07|2026|167
4510140508646568|07|2027|284
4510140508640504|05|2025|591
4510140508647343|12|2027|126
4510140508646634|12|2027|120
4510140508647475|09|2024|672
4510140508646303|06|2024|867
4510140508648036|07|2028|291
4510140508647806|05|2028|123
4510140508648333|02|2028|596
4510140508642328|01|2024|222
4510140508641643|12|2024|465
4510140508648671|06|2027|385
4510140508646717|01|2025|419
4510140508644571|05|2026|362
4510140508640108|05|2024|824
4510140508642757|05|2028|835
4510140508647137|06|2028|526
4510140508640363|06|2025|964
4510140508642815|09|2025|703
4510140508645545|09|2024|220
4510140508648432|10|2026|972
4510140508648168|05|2027|618
4510140508648028|04|2025|454
4510140508648325|01|2027|227
4510140508648531|09|2025|830
4510140508644407|09|2024|383
4510140508647236|09|2028|195
4510140508644100|07|2025|423
4510140508647152|10|2024|803
4510140508643037|08|2024|908
4510140508642153|04|2024|621
4510140508640181|02|2026|853
4510140508648564|08|2024|150
4510140508642526|04|2024|803
4510140508647152|01|2028|676
4510140508640603|02|2027|511
4510140508646022|04|2028|730
4510140508642427|02|2028|200
4510140508644605|05|2025|651
4510140508645487|07|2028|215
4510140508641684|08|2027|271
4510140508644712|06|2024|602
4510140508644472|03|2025|671
4510140508641361|10|2027|933
4510140508648507|09|2025|947
4510140508646808|02|2024|654
4510140508647020|12|2025|527
4510140508644027|07|2025|297
4510140508646600|11|2026|581
4510140508642153|02|2027|669
4510140508645214|10|2024|113
4510140508647202|11|2025|304
4510140508641627|12|2028|181
4510140508648341|01|2028|914
4510140508643508|05|2025|607
4510140508645552|12|2025|876
4510140508643714|01|2028|867
4510140508645578|09|2024|456
4510140508648754|12|2024|687
4510140508646824|11|2024|410
4510140508645651|01|2024|454
4510140508647210|11|2028|651
4510140508648507|03|2026|232
4510140508644654|07|2024|722
4510140508642575|07|2027|881
4510140508647053|07|2027|742
4510140508641353|06|2028|482
4510140508647160|06|2025|478
4510140508640314|08|2028|530
4510140508641585|07|2027|495
4510140508647715|07|2024|667
4510140508643037|12|2024|539
4510140508648317|10|2028|323
4510140508642732|09|2028|601
4510140508647202|09|2028|248
4510140508642674|03|2028|725
4510140508645586|01|2025|628
4510140508640512|05|2026|143
4510140508648150|03|2024|940
4510140508640751|10|2025|279
4510140508640207|02|2026|245
4510140508648481|12|2028|341
4510140508640017|07|2024|135
4510140508640751|08|2027|449
4510140508648606|11|2028|397
4510140508640157|08|2025|203
4510140508640108|01|2028|847
4510140508640488|01|2028|520
4510140508643565|04|2025|907
4510140508640686|07|2025|802
4510140508642153|01|2024|278
4510140508643656|07|2026|931
4510140508648358|09|2025|209
4510140508643250|12|2024|662
4510140508646550|10|2027|812
4510140508648408|05|2026|226
4510140508645537|01|2026|530
4510140508647004|11|2024|682
4510140508640116|02|2026|795
4510140508640413|01|2028|456
4510140508648622|02|2027|177
4510140508640140|08|2027|723
4510140508641874|02|2028|684
4510140508647723|01|2026|740
4510140508647467|02|2027|947
4510140508640587|08|2026|907
4510140508648085|07|2025|150
4510140508643847|08|2026|730
4510140508645180|12|2027|121
4510140508641817|04|2027|395
4510140508646303|12|2026|519
4510140508644803|08|2027|222
4510140508648275|05|2026|273
4510140508640686|02|2028|457
4510140508647046|01|2026|700
4510140508644035|06|2025|529
4510140508647640|03|2028|847
4510140508647467|10|2027|398
4510140508647525|08|2026|235
4510140508645602|08|2024|575
4510140508641775|09|2028|766
4510140508640801|07|2027|255
4510140508646568|07|2024|630
4510140508648101|10|2027|351
4510140508644407|08|2025|711
4510140508645537|12|2026|258
4510140508642047|01|2026|306
4510140508648176|04|2024|571
4510140508640546|02|2028|724
4510140508644282|12|2025|127
4510140508643854|11|2024|920
4510140508644431|01|2027|333
4510140508644456|06|2028|700
4510140508648267|05|2027|570
4510140508646121|12|2025|308
4510140508641122|10|2026|385
4510140508647657|07|2025|530
4510140508644423|08|2026|649
4510140508644365|10|2028|745
4510140508648655|11|2026|120
4510140508648010|01|2025|165
4510140508648606|09|2027|305
4510140508647418|02|2027|522
4510140508646121|06|2028|575
4510140508641213|05|2026|775
4510140508646105|07|2026|731
4510140508642856|10|2028|929
4510140508646535|09|2027|828
4510140508646360|07|2024|851
4510140508648754|01|2028|325
4510140508643805|06|2027|608
4510140508647640|11|2027|548
4510140508645818|10|2027|413
4510140508641403|06|2024|690
4510140508646303|01|2024|117
4510140508646188|08|2024|165
4510140508640041|11|2024|236
4510140508646105|09|2024|490
4510140508648523|01|2024|627
4510140508647368|06|2025|533
4510140508645206|10|2026|237
4510140508642880|07|2025|199
4510140508646667|10|2027|959
4510140508645016|02|2024|493
4510140508642062|04|2028|479
4510140508646626|01|2026|977
4510140508647038|01|2026|959
4510140508644563|01|2026|749
4510140508641056|08|2027|196
4510140508641163|07|2024|542
4510140508647640|02|2028|235
4510140508646352|09|2027|177
4510140508645511|01|2026|233
4510140508647814|01|2027|476
4510140508641684|11|2024|679
4510140508647731|06|2024|261
4510140508642781|05|2025|302
4510140508647137|05|2027|405
4510140508644035|02|2027|234
4510140508647715|07|2026|189
4510140508648358|06|2027|639
4510140508640520|02|2026|511
4510140508643458|02|2024|291
4510140508641270|08|2026|371
4510140508647814|02|2024|793
4510140508643433|10|2024|711
4510140508642765|07|2026|895
4510140508643318|06|2027|674
4510140508644803|07|2026|955
4510140508646501|07|2026|714
4510140508646667|10|2028|913
4510140508647343|06|2024|357
4510140508648762|09|2028|565
4510140508643383|04|2025|216
4510140508642641|02|2025|786
4510140508644456|06|2028|656
4510140508644332|09|2027|414
4510140508640033|01|2024|591
4510140508644332|09|2028|162
4510140508641270|06|2025|277
4510140508643441|02|2026|465
4510140508648366|01|2028|135
4510140508640280|05|2026|211
4510140508640546|10|2026|440
4510140508641585|05|2028|787
4510140508648705|03|2026|287
4510140508647764|01|2027|212
4510140508640785|12|2027|726
4510140508643730|08|2027|945
4510140508642344|09|2024|560
4510140508647780|03|2027|700
4510140508643326|05|2027|489
4510140508646055|10|2025|741
4510140508641601|02|2026|643
4510140508648176|06|2027|460
4510140508647848|04|2024|315
4510140508643821|11|2028|634
4510140508643425|02|2024|359
4510140508648762|07|2024|956
4510140508648630|05|2026|879
4510140508641387|06|2024|845
4510140508643516|09|2028|848
4510140508641551|05|2026|832
4510140508646055|04|2024|165
4510140508646071|04|2027|987
4510140508645347|09|2027|513
4510140508647681|09|2026|377
4510140508643458|06|2026|674
4510140508643300|01|2024|230
4510140508640082|12|2025|152
4510140508642088|08|2026|140
4510140508647368|09|2028|933
4510140508647152|11|2025|624
4510140508644407|12|2027|588
4510140508648887|05|2027|330
4510140508643003|02|2025|539
4510140508643243|07|2024|714
4510140508645057|10|2027|316
4510140508643136|12|2028|462
4510140508640520|12|2028|501
4510140508643201|11|2025|848
4510140508646147|08|2026|307
4510140508647871|02|2025|465
4510140508643078|07|2026|688
4510140508647731|08|2024|375
4510140508643045|12|2024|651
4510140508646683|04|2028|437
4510140508641734|07|2026|969
4510140508643540|10|2024|974
4510140508642450|02|2024|792
4510140508640017|04|2027|128
4510140508647665|02|2028|191
4510140508648366|10|2028|514
4510140508642112|09|2026|522
4510140508645024|08|2026|473
4510140508646733|05|2024|879
4510140508645388|09|2024|746
4510140508647343|02|2028|154
4510140508645826|09|2024|890
4510140508640447|01|2028|834
4510140508640728|06|2025|928
4510140508646261|06|2025|401
4510140508640538|07|2028|550
4510140508643714|11|2026|334
4510140508646584|05|2025|642
4510140508645065|09|2026|983
4510140508644050|06|2024|730
4510140508644613|07|2024|547
4510140508644761|09|2025|201
4510140508644316|11|2027|961
4510140508648416|09|2025|745
4510140508640728|05|2026|415
4510140508642260|03|2028|773
4510140508648820|12|2028|341
4510140508640546|12|2024|711
4510140508647467|06|2024|496
4510140508643854|11|2027|385
4510140508641635|06|2027|555
4510140508643722|04|2024|159
4510140508646832|01|2024|463
4510140508640652|11|2024|453
4510140508647731|08|2027|141
4510140508641213|08|2025|699
4510140508644225|12|2028|725
4510140508648176|03|2025|188
4510140508643847|12|2026|278
4510140508640074|04|2026|473
4510140508647731|09|2025|373
4510140508641866|02|2024|522
4510140508640116|05|2026|859
4510140508648234|01|2027|573
4510140508642724|11|2028|452
4510140508647624|01|2028|238
4510140508648366|11|2026|215
4510140508644670|08|2027|293
4510140508640652|03|2025|750
4510140508643854|07|2028|333
4510140508642245|11|2026|823
4510140508642203|05|2024|727
4510140508640801|06|2026|882
4510140508646550|11|2028|691
4510140508640637|04|2028|590
4510140508640777|04|2026|659
4510140508641478|09|2024|835
4510140508647251|05|2027|279
4510140508645768|02|2027|319
4510140508644050|09|2025|514
4510140508643466|02|2024|298
4510140508640512|08|2027|310
4510140508642054|10|2024|899
4510140508646782|02|2025|348
4510140508646725|12|2024|906
4510140508648218|01|2025|328
4510140508646147|11|2028|883
4510140508645750|01|2024|249
4510140508646220|04|2025|968
4510140508645065|06|2028|724
4510140508640843|03|2025|278
4510140508644860|10|2027|205
4510140508646824|10|2026|831
4510140508645727|08|2027|153
4510140508641635|03|2025|810
4510140508643573|02|2028|410
4510140508647277|03|2024|887
4510140508648234|02|2025|997
4510140508641122|09|2025|765
4510140508641148|04|2024|401
4510140508640017|09|2024|447
4510140508645230|12|2026|466
4510140508642583|05|2028|783
4510140508644381|05|2028|388
4510140508645073|05|2028|326
4510140508648770|10|2027|940
4510140508644738|06|2027|932
4510140508647038|04|2028|601
4510140508646006|02|2025|767
4510140508645180|07|2025|855
4510140508645834|03|2025|574
4510140508648762|02|2024|479
4510140508645404|11|2025|921
4510140508647004|09|2028|765
4510140508640603|04|2028|121
4510140508642344|11|2027|312
4510140508641858|11|2027|751
4510140508648036|07|2027|992
4510140508647350|06|2028|691
4510140508648366|07|2028|443
4510140508648200|02|2028|276
4510140508642328|05|2025|886
4510140508645206|02|2024|614
4510140508644837|07|2025|861
4510140508642021|05|2026|139
4510140508645222|12|2028|227
4510140508643235|10|2027|194
4510140508645172|11|2027|276
4510140508647160|08|2025|897
4510140508646212|05|2025|648
4510140508640157|05|2026|982
4510140508646204|04|2028|949
4510140508643011|07|2025|509
4510140508648234|06|2026|521
4510140508648184|09|2026|145
4510140508641817|06|2025|725
4510140508645453|04|2027|136
4510140508640066|09|2026|518
4510140508643854|04|2025|208
4510140508645123|03|2024|397
4510140508641072|12|2027|734
4510140508646378|09|2027|295
4510140508642260|09|2024|532
4510140508646352|03|2024|202
4510140508645131|01|2024|689
4510140508647533|07|2024|538
4510140508647731|09|2024|227
4510140508646782|09|2025|548
4510140508641072|05|2024|757
4510140508645230|02|2025|683
4510140508640082|05|2028|796
4510140508642773|08|2024|604
4510140508645164|12|2028|857
4510140508640363|07|2025|162
4510140508641858|05|2028|932
4510140508643383|11|2026|817
4510140508646311|04|2024|315
4510140508648440|01|2024|877
4510140508641387|03|2025|611
4510140508643664|02|2025|514
4510140508640785|01|2028|376
4510140508640132|03|2024|799
4510140508648622|04|2028|211
4510140508646261|06|2027|621
4510140508640603|05|2028|176
4510140508640363|07|2024|873
4510140508640637|05|2027|524
4510140508646824|08|2025|525
4510140508641346|07|2028|715
4510140508646824|11|2025|430
4510140508646618|05|2025|531
4510140508641015|07|2026|163
4510140508641007|02|2027|127
4510140508640645|12|2028|798
4510140508647434|08|2026|450
4510140508644415|07|2028|340
4510140508640165|03|2024|569
4510140508641320|11|2028|893
4510140508645412|12|2028|305
4510140508643458|09|2025|480
4510140508646667|03|2027|671
4510140508642054|08|2026|761
4510140508646345|11|2024|534
4510140508645370|10|2027|780
4510140508642526|07|2025|632
4510140508647715|05|2024|332
4510140508644647|03|2026|200
4510140508642617|02|2026|970
4510140508647376|11|2027|668
4510140508646154|04|2027|765
4510140508643763|08|2026|912
4510140508646204|03|2028|501
4510140508642088|08|2027|160
4510140508647327|07|2028|691
4510140508640256|11|2028|487
4510140508646626|07|2028|977
4510140508642724|02|2026|823
4510140508640827|03|2028|769
4510140508641163|07|2024|358
4510140508642500|10|2028|741
4510140508643847|10|2025|918
4510140508646154|04|2027|358
4510140508645818|05|2026|209
4510140508648614|07|2025|288
4510140508648770|04|2024|630
4510140508643656|07|2026|258
4510140508647400|06|2028|405
4510140508640868|04|2025|423
4510140508647442|07|2024|212
4510140508647632|05|2024|839
4510140508648507|10|2024|239
4510140508644738|08|2025|776
4510140508641213|08|2024|612
4510140508644357|02|2024|973
4510140508643458|02|2024|550
4510140508641767|09|2027|482
4510140508646030|04|2027|875
4510140508643466|01|2025|296
4510140508645610|01|2027|741
4510140508647558|09|2024|981
4510140508640371|03|2025|699
4510140508641080|04|2026|738
4510140508647624|05|2025|535
4510140508647863|03|2027|928
4510140508648077|11|2025|799
4510140508644852|06|2025|736
4510140508645222|08|2028|123
4510140508647228|11|2024|173
4510140508643011|01|2024|432
4510140508644753|08|2024|911
4510140508641478|07|2026|214
4510140508641452|01|2028|273
4510140508644126|02|2024|396
4510140508648721|04|2026|350
4510140508642211|09|2027|685
4510140508647533|06|2025|194
4510140508645826|01|2027|287
4510140508647467|08|2024|634
4510140508643151|11|2026|480
4510140508648473|07|2027|970
4510140508642567|05|2025|112
4510140508644472|11|2027|396
4510140508640322|06|2025|146
4510140508647277|12|2028|562
4510140508648101|06|2027|714
4510140508646444|09|2025|356
4510140508647855|10|2026|555
4510140508641262|10|2024|969
4510140508648051|03|2025|339
4510140508645727|07|2028|863
4510140508643623|02|2025|817
4510140508640835|09|2027|281
4510140508648572|08|2027|199
4510140508648101|11|2026|506
4510140508643482|06|2026|952
4510140508641262|11|2024|527
4510140508644530|01|2026|604
4510140508644548|02|2027|974
4510140508642484|04|2024|875
4510140508648366|01|2026|221
4510140508640066|04|2028|497
4510140508644241|05|2024|459
4510140508644506|12|2025|384
4510140508645073|01|2024|982
4510140508646113|05|2028|178
4510140508640710|07|2025|274
4510140508648010|12|2028|177
4510140508643318|01|2026|630
4510140508640314|01|2024|673
4510140508645313|06|2024|311
4510140508643417|10|2028|716
4510140508646303|09|2027|256
4510140508648523|01|2024|660
4510140508641213|09|2027|400
4510140508647483|02|2025|652
4510140508646410|01|2028|240
4510140508646840|11|2028|447
4510140508640645|02|2027|897
4510140508644423|12|2027|696
4510140508646881|06|2024|361
4510140508641718|06|2027|419
4510140508641163|12|2028|649
4510140508640736|02|2026|992
4510140508643342|07|2028|264
4510140508643821|05|2026|822
4510140508643144|09|2028|459
4510140508641015|09|2024|942
4510140508648382|07|2028|885
4510140508646550|06|2026|988
4510140508640132|11|2024|184
4510140508646626|11|2027|242
4510140508646048|02|2027|924
4510140508645644|06|2025|124
4510140508643730|03|2026|809
4510140508646816|07|2027|221
4510140508647053|08|2024|712
4510140508647665|07|2025|687
4510140508643177|10|2025|822
4510140508643540|07|2027|442
4510140508643631|11|2028|470
4510140508642872|09|2028|629
4510140508642658|12|2025|234
4510140508642641|10|2026|672
4510140508640777|09|2024|958
4510140508648267|11|2025|316
4510140508648416|12|2025|882
4510140508646881|06|2024|669
4510140508645263|03|2027|423
4510140508643748|12|2025|673
4510140508648754|10|2027|250
4510140508643714|01|2028|273
4510140508640868|08|2025|620
4510140508646188|10|2025|553
4510140508645255|04|2028|884
4510140508643300|08|2025|445
4510140508643177|11|2027|792
4510140508646402|04|2024|457
4510140508643417|03|2024|321
4510140508641122|10|2024|998
4510140508646238|05|2028|746
4510140508645321|04|2027|704
4510140508646105|01|2025|355
4510140508641304|06|2024|313
4510140508646022|07|2024|281
4510140508643425|09|2026|389
4510140508643136|02|2025|624
4510140508641817|01|2026|565
4510140508648572|03|2025|275
4510140508648473|12|2025|352
4510140508645024|10|2028|519
4510140508647533|11|2026|618
4510140508645867|10|2024|708
4510140508644480|02|2024|629
4510140508642260|06|2028|958
4510140508641361|07|2027|992
4510140508642013|12|2028|173
4510140508645875|02|2027|851
4510140508642351|06|2027|154
4510140508644183|02|2024|562
4510140508644217|04|2024|215
4510140508645651|06|2027|409
4510140508646113|06|2025|993
4510140508642518|11|2024|551
4510140508647343|08|2024|225
4510140508640678|04|2027|537
4510140508642112|11|2027|911
4510140508643151|05|2024|913
4510140508645438|11|2024|134
4510140508643151|10|2027|672
4510140508645057|10|2024|907
4510140508641650|11|2026|349
4510140508647327|12|2028|750
4510140508642252|10|2028|508
4510140508642617|04|2027|624
4510140508641635|02|2025|520
4510140508647855|11|2028|820
4510140508648382|10|2026|985
4510140508641254|09|2027|151
4510140508642443|01|2028|622
4510140508641031|01|2024|360
4510140508645305|10|2027|522
4510140508642062|07|2027|959
4510140508646568|06|2024|812
4510140508640538|07|2024|609
4510140508645032|06|2027|429
4510140508644431|10|2025|752
4510140508641346|07|2024|623
4510140508647848|11|2024|459
4510140508640785|01|2024|575
4510140508644175|09|2026|171
4510140508642146|03|2028|620
4510140508646808|04|2026|702
4510140508646774|03|2028|482
4510140508642245|05|2027|213
4510140508648374|10|2027|182
4510140508648838|08|2026|239
4510140508642641|09|2025|912
